1
47
48
54
60
67
70
77
80
81
89
92
94
98
99
102
103
110
111
114
118
121
123
129
133
134
136
139
144
150
154
157
158
160
161
164
169
170
172
173
174
176
177
179
180
182
184
185
186
192
196
198
203
204
205
210
211
212
214
215
217
219
223
224
226
231
233
236
241
243
248
254
256
259
260
261
264
266
270
272
273
275
276
277
280
281
283
294
302
304
305
309
313
315
319
323
326
328
340
341
342
349
350
351
359
371
378
379
380
381
382
384
385
386
387
389
393
394
395
399
400
401
404
405
406
407
408
409
410
411
412
414
417
419
421
424
425
426
427
433
436
441
443
446
448
457
473
486
487
488
496
503
506
507
509
510
513
515
516
518
519
521
525
526
528
529
534
542
547
548
549
552
554
556
557
559
560
563
565
571
572
587
591